83
0 832 768
0 896 800
0 928 832
0 960 800
0 800 736
0 800 704
0 800 672
0 928 736
0 992 736
0 928 704
0 992 704
0 928 672
0 992 672
0 1120 704
0 832 640
0 864 608
0 928 608
0 992 608
0 928 576
0 736 800
0 672 832
0 608 864
0 1248 704
0 1312 704
0 1376 704
0 640 704
0 576 704
0 512 704
0 768 592
0 704 560
0 640 528
0 512 928
0 512 464
0 1120 736
0 1088 768
0 1024 800
0 992 832
0 1120 672
0 1088 640
0 1056 608
0 992 576
0 960 896
0 960 928
0 960 960
0 960 992
0 960 512
0 960 480
0 960 448
0 960 416
0 1152 592
0 1216 560
0 1280 528
0 1184 800
0 1248 832
0 1312 864
0 1376 464
0 1376 928
0 224 928
0 352 864
0 480 800
0 480 576
0 352 512
0 224 448
0 128 704
0 256 704
0 384 704
0 1440 800
0 1536 864
0 1632 928
0 1440 608
0 1536 560
0 1632 480
0 1504 704
0 1632 704
0 1760 704
0 1088 880
0 1216 992
0 832 880
0 704 992
0 832 496
0 736 416
0 1088 496
0 1184 416
