110
2 992 688
2 928 688
2 864 688
2 832 656
2 896 656
2 1024 656
2 864 624
2 928 624
2 992 624
2 800 592
2 800 560
2 864 592
2 928 592
2 992 592
2 1056 624
2 1056 592
2 864 560
2 992 560
2 1056 560
2 960 528
2 864 496
2 928 496
2 992 496
2 768 656
2 736 624
2 736 592
2 736 560
2 768 528
2 800 496
2 800 688
2 832 720
2 960 720
2 832 464
2 896 464
2 960 464
1 960 656
1 800 624
1 928 560
1 896 720
1 1024 528
1 864 464
0 640 528
0 576 496
0 576 464
0 640 432
0 704 464
0 768 496
0 832 528
0 896 560
0 960 592
0 1024 624
0 1088 656
0 1152 688
0 1184 720
0 1184 752
0 1120 784
0 1056 752
0 704 432
0 768 464
0 832 496
0 896 528
0 960 560
0 1024 592
0 1088 624
0 1152 656
1 1376 832
1 1440 816
1 1504 816
1 1568 832
1 1312 816
1 1440 784
1 1504 784
1 1312 784
1 1376 768
1 1440 752
1 1504 752
1 1568 768
1 1632 816
1 1632 784
0 1568 800
0 1376 800
2 1504 848
2 1440 848
2 1472 880
2 1568 848
2 1376 848
2 1408 880
2 1536 880
2 1440 912
2 1504 912
0 1472 784
0 1472 944
1 128 480
1 192 480
1 256 480
1 320 480
2 192 512
2 256 512
2 224 544
0 128 464
0 192 464
0 256 464
0 320 464
1 128 448
1 192 448
1 256 448
1 320 448
1 224 400
1 192 416
1 256 416
