107
1 640 640
1 704 640
1 640 608
1 640 576
1 704 608
1 704 576
1 672 672
1 736 672
1 736 704
1 672 704
1 672 544
1 736 544
1 672 512
1 736 512
1 704 736
1 768 736
1 768 768
1 704 768
1 704 480
1 768 480
1 704 448
1 768 448
1 736 800
1 800 800
1 864 800
1 928 800
1 992 800
1 768 832
1 832 832
1 896 832
1 960 832
1 736 416
1 800 416
1 864 416
1 928 416
1 992 416
1 768 384
1 832 384
1 896 384
1 960 384
1 1024 832
1 1056 800
1 1088 768
1 1120 736
1 1120 704
1 1024 384
1 1056 416
1 1088 448
1 1120 480
0 832 512
0 864 544
0 896 576
0 928 672
0 928 704
0 960 576
0 992 544
0 1024 512
1 1120 512
0 928 608
0 992 608
0 864 608
0 896 640
0 960 640
0 1056 608
0 800 608
0 384 624
0 320 592
0 1440 624
0 1504 592
0 1504 656
0 256 592
0 288 688
0 192 624
0 288 560
0 1568 656
0 1568 592
0 1632 624
0 1536 688
0 1536 560
0 256 656
0 320 656
0 416 416
0 480 448
0 544 416
0 480 384
0 1344 448
0 1344 384
0 1280 416
0 1408 416
1 1728 912
1 1728 848
1 1664 880
1 1792 880
1 1728 880
1 96 864
1 160 864
1 224 864
1 160 896
1 160 832
0 1120 1008
0 1056 992
0 1120 976
0 1184 992
0 736 992
0 672 1008
0 672 976
0 608 992
